dynamic cases: static data corrected experiments
stacked moment case
data:0.1538,0.3077,0.6154,0.9231,1.5385,2.1538,3.0769,4.6154,6.1538,7.6923
0.0019,-0.001,-0.0019,0.0008,-0.0007,0.002,-0.0024,-0.0031,-0.003,-0.0035
std:0.0073,0.0051,0.0051,0.0058,0.0048,0.0043,0.0048,0.0043,0.0056,0.0055
0.0073,0.0051,0.0051,0.0058,0.0048,0.0043,0.0048,0.0043,0.0056,0.0055

offset moment case
datax: 0.1538,0.3077,0.6154,0.9231,1.5385,2.1538,3.0769,4.6154,6.1538,7.6923
datay: 0.2134,0.2158,0.2184,0.2154,0.2033,0.1926,0.1832,0.167,0.1464,0.1352
std: 0.0113,0.0111,0.0112,0.0112,0.0126,0.0125,0.0126,0.0123,0.012,0.0123
0.0113,0.0111,0.0112,0.0112,0.0126,0.0125,0.0126,0.0123,0.012,0.0123

offset force case
data:0.1538,0.3077,0.6154,0.9231,1.5385,2.1538,3.0769,4.6154,6.1538,7.6923
0.7214,0.7335,0.7354,0.7485,0.7529,0.7693,0.7775,0.785,0.7894,0.8002
std:0.0152,0.0153,0.0152,0.0153,0.0152,0.0153,0.0146,0.0153,0.0153,0.0153
0.0152,0.0153,0.0152,0.0153,0.0152,0.0153,0.0146,0.0153,0.0153,0.0153

stacked force case
data:0.1538,0.3077,0.6154,0.9231,1.5385,2.1538,3.0769,4.6154,6.1538,7.6923
0.4058,0.4016,0.4051,0.4081,0.4285,0.4541,0.4984,0.5557,0.5939,0.6195
std:0.0219,0.0214,0.0213,0.0221,0.0241,0.0234,0.0234,0.0229,0.0202,0.0208
0.0219,0.0214,0.0213,0.0221,0.0241,0.0234,0.0234,0.0229,0.0202,0.0208